[bg3.jpg]
filters=finetune2=1,0.152047,0.000000,0.000000,00000000,0.000000;Soften=1,100.000000,24.561403;finetune2=1,0.181287,0.000000,0.000000,00000000,0.000000;
moddate=1f5f0df27222d501
width=1920
height=1200
textactive=0
